0.0006695687547947585    1.0635048339089879
0.0067386094832700884    0.9886410006786078
0.0067386094832700884    0.9886410006786078
0.02293172473576972    0.959607706056587
0.026686375086035514    0.9595243495679248
0.037416426925217926    0.9393899445181869
0.045937640697120787    0.9207851998706053
0.04975264443520226    0.9134643546362258
0.05825985650204015    0.8932397238364997
0.06487479622760045    0.8797234742499798
0.07209679262531381    0.8639350978976292
0.07662911106151689    0.8626986166152006
0.08935900119088015    0.8434100081729997
0.09257106281587249    0.828377194814868
0.09257106281587249    0.828377194814868
0.10439342078288834    0.8025568249499747
0.11220538491605876    0.8015159251585458
0.12008440432680847    0.780298706332961
0.12682523184797134    0.7736899161178351
0.12970122323462788    0.7732853968658147
0.1413859825120346    0.7575618848088096
0.14186046594824242    0.7387243847998897
0.152745562903652    0.7340190188022198
0.15605329539167903    0.7173812784152052
0.16124081606658322    0.7063296617953017
0.16820833518669812    0.6920329562145234
0.16820833518669812    0.6920329562145234
0.18088496563034934    0.6739848847590153
0.18088496563034934    0.6732456345965477
0.19190338898453307    0.6594706755109588
0.1948381872662572    0.6532295092539103
0.20762343433034183    0.6436646067299138
0.21179699317968856    0.6337461050319577
0.21331411736259    0.625299832847631
0.22038247396360394    0.6234112685388329
0.22608340438578856    0.6085486523010668
0.22608340438578856    0.6085486523010668
0.23880396415311853    0.5806847985871225
0.23880396415311853    0.5806847985871225
0.24923966023599206    0.5783416203865392
0.25664147903945467    0.5632555048285537
0.26053559945082255    0.5481748379077365
0.26274197299556507    0.5442413643013858
0.26274197299556507    0.5442413643013858
0.2800330981585164    0.5195734737982166
0.2800330981585164    0.5195734737982166
0.28786385792325425    0.5075393687837535
0.28786385792325425    0.5075393687837535
0.28786385792325425    0.5075393687837535
0.30286247251769094    0.49384905259732575
0.30731138813136794    0.4882658420831546
0.3126870226079313    0.47591073145592694
0.31631206014779517    0.47176903481791904
0.3207431248826584    0.463561272244755
0.32649185378085505    0.4560652940413536
0.3355067571085067    0.4540570505954782
0.3406036241559389    0.4470443229707587
0.348960392214334    0.43173484594477596
0.3505995585280116    0.42687804350809294
0.35613050985012573    0.42295696358003804
0.35779691604862807    0.4185290011109338
0.3664606696293086    0.4046472884739556
0.3664606696293086    0.4046472884739556
0.37620927528886433    0.39453812425311113
0.38187629197347084    0.38992284524684945
0.3954976610711712    0.3810721420004969
0.3954976610711712    0.3810721420004969
0.4103871319729093    0.37119313487771355
0.4103871319729093    0.37119313487771355
0.42239206402258656    0.35428707755568006
0.42239206402258656    0.35428707755568006
0.43129576392452806    0.3437951700786904
0.43129576392452806    0.3437951700786904
0.4405553431899272    0.3187505547178604
0.4405553431899272    0.3187505547178604
0.4405553431899272    0.3187505547178604
0.44769612746893744    0.30603185845197384
0.44769612746893744    0.30603185845197384
0.45797484802769645    0.29825178777429767
0.45797484802769645    0.29825178777429767
0.47265629169669787    0.2820176027976587
0.47265629169669787    0.2820176027976587
0.47815563236847247    0.27513916224420004
0.47815563236847247    0.27513916224420004
0.47815563236847247    0.27513916224420004
0.47815563236847247    0.27513916224420004
0.5348960008864686    0.2729136228815221
0.5348960008864686    0.2729136228815221
0.5733723273523388    0.2729136228815221
0.6172252289802395    0.2386902124493982
0.6172252289802395    0.2386902124493982
0.6172252289802395    0.2386902124493982
0.6172252289802395    0.2386902124493982
0.6172252289802395    0.20781651019042585
0.6172252289802395    0.20781651019042585
0.6172252289802395    0.20781651019042585
0.6172252289802395    0.20781651019042585
0.6299763653585154    0.19084007999571623
0.6299763653585154    0.19084007999571623
0.6306795190996219    0.19035731206111894
0.6388415688895487    0.1816649819298442
0.6478295488229738    0.1808055610131899
0.6478295488229738    0.1808055610131899
0.6478295488229738    0.1808055610131899
0.6478295488229738    0.1808055610131899
0.7982946704743251    0.13994847806985872
0.7982946704743251    0.13994847806985872
0.7982946704743251    0.13994847806985872
0.7982946704743251    0.13994847806985872
0.7982946704743251    0.13994847806985872
0.8215365561622069    0.12055020648229424
0.8215365561622069    0.12055020648229424
0.8215365561622069    0.12055020648229424
0.8215365561622069    0.12055020648229424
0.8215365561622069    0.12055020648229424
0.8215365561622069    0.12055020648229424
0.8215365561622069    0.12055020648229424
0.8215365561622069    0.12055020648229424
0.8215365561622069    0.12055020648229424
0.8215365561622069    0.12055020648229424
0.8215365561622069    0.12055020648229424
0.8215365561622069    0.12055020648229424
0.8215365561622069    0.12055020648229424
0.8215365561622069    0.12055020648229424
