0.00045959155655213015    1.0045928262981916
0.0045209101735402615    0.9948860915660369
0.007593455963606775    0.9864878043406801
0.011577789772439909    0.9849767926888313
0.016196449685702184    0.9707208002504624
0.021662373949946266    0.969093418841661
0.024410959785920776    0.9624621258107817
0.029014684138518605    0.9464478925887293
0.034662816373637995    0.9335917701456083
0.0377666078347517    0.9271809457374395
0.0377666078347517    0.9271809457374395
0.0377666078347517    0.9271809457374395
0.051664672850872326    0.9065511611321235
0.05589455651754829    0.8937087332841895
0.05770156477027019    0.8926816168584265
0.060262129342195    0.8831855802055989
0.06471384029913561    0.8785813962884292
0.06966953360265335    0.86886024207832
0.07269891367890986    0.863324910692689
0.07758294207074026    0.8514209935299012
0.08143391699343394    0.8441746916324152
0.08604891761785675    0.839721983403116
0.09011780194560601    0.8279099029772901
0.09011780194560601    0.8279099029772901
0.09471929877127054    0.8203477013097998
0.09973514113019857    0.8150663949752539
0.1040109679698971    0.8075929578360623
0.10713362806564614    0.7984494939304407
0.10713362806564614    0.7984494939304407
0.11397279013438151    0.7942489328161769
0.11832185773053693    0.778278156832891
0.12303421566496374    0.7741260640562965
0.1267404720467703    0.7646960745765049
0.1297650801951828    0.7644414075601166
0.13140563507095065    0.7631257401230991
0.13465744952467437    0.7594933354326331
0.13893953331618522    0.7420589485769082
0.14396338567962813    0.7329315606516309
0.14396338567962813    0.7329315606516309
0.15042473972644976    0.724610579030564
0.15213586484599914    0.7228454216895582
0.15489217974369435    0.7152847477406996
0.15489217974369435    0.7152847477406996
0.1627981705467953    0.7022286350915721
0.165630114569778    0.6973209317900226
0.1691248309939841    0.6909373369681895
0.172488002437541    0.6904450645510936
0.172488002437541    0.6904450645510936
0.1794436464883178    0.6739790210302424
0.18112311265256645    0.6739790210302424
0.1859143007428065    0.6652999474280908
0.1880693499832761    0.6629788032971144
0.1935437995298625    0.6556181863694899
0.1935437995298625    0.6525148461154713
0.19948572372114484    0.6496095197477815
0.20404200405493933    0.6418602862417897
0.204569081631873    0.6349329932427359
0.20921520614533592    0.629590497556259
0.20921520614533592    0.629590497556259
0.21476561791140436    0.6180958873629414
0.21476561791140436    0.6175030818772625
0.2224896925390116    0.6135082974099222
0.22684498709616804    0.5983580072645862
0.22684498709616804    0.5983580072645862
0.22751237684223816    0.5983580072645862
0.23263228715423026    0.5901383732792244
0.23263228715423026    0.5901383732792244
0.23893583536430743    0.5811671678977919
0.2426110903365377    0.5740854211045752
0.2426110903365377    0.5740854211045752
0.2431644416085595    0.5742295751933353
0.2518129165611816    0.5641046138018593
0.25330348780250006    0.5596949559404296
0.25754731990127655    0.5534026923615434
0.260423205089891    0.5513400545843546
0.26184866250477856    0.5485133444963635
0.26690453992590285    0.540864462618194
0.26690453992590285    0.5386269083312837
0.27436934271670205    0.5297332461174648
0.27436934271670205    0.528263812236346
0.2786728525178626    0.5211872835995536
0.2786728525178626    0.5211872835995536
0.28588058452139836    0.5194569644063425
0.2862342114112262    0.5127915139415876
0.2885767813657146    0.5082325992657465
0.2908502218169171    0.5046260069986719
0.29471024200218054    0.5002263834518579
0.29706338798350057    0.49791825027763037
0.300123623141503    0.49425953639661246
0.3042987304969828    0.4872859740961306
0.30708061154536737    0.4807305114577008
0.30708061154536737    0.4807305114577008
0.3115819329490075    0.47539846643497335
0.31424400001880637    0.47464201662119904
0.32192176059658273    0.4653794619675667
0.32192176059658273    0.4653794619675667
0.32705931830417717    0.46046041824972583
0.32798290391947876    0.4581666732578135
0.3303471750539944    0.4529954054469218
0.3339491836867932    0.44795829508600016
0.3363899746237881    0.4419786078130329
0.3363899746237881    0.4413918263281396
0.33967239665674975    0.43710880188526463
0.3430643759976342    0.4339253765448296
0.34736697326301863    0.42686288957586366
0.34757348291637596    0.42686288957586366
0.3513204230467112    0.4220395189123912
0.3564632804253529    0.41934135827526653
0.36139867632362666    0.4158324558625479
0.36139867632362666    0.4099663937751597
0.3641631174096198    0.4058761956490696
0.36707595411879107    0.4022748383360688
0.37078353450440515    0.3982572272114131
0.3751327355969886    0.39813856924532876
0.3799772608216846    0.38670825531542996
0.3799772608216846    0.38670825531542996
0.3799772608216846    0.38670825531542996
0.38351185642608515    0.3858973284212352
0.3915917209103242    0.37661979583162186
0.3920758913555966    0.37232354310338006
0.3935460205088228    0.37165696897453704
0.39426176244075056    0.36852675746483055
0.401145403767304    0.3605502628439164
0.401145403767304    0.3605502628439164
0.4018565413765943    0.3597012750365708
0.4084943659440435    0.3512414786299844
0.4084943659440435    0.3512414786299844
0.4173636149751781    0.34798932425410256
0.41887525178014784    0.3415432087981083
0.41887525178014784    0.3384984926447023
0.41887525178014784    0.3384984926447023
0.42970099107351234    0.3267662262111769
0.42970099107351234    0.3267662262111769
0.42970099107351234    0.3267662262111769
0.4350786133674623    0.325111901033849
0.44091312588419296    0.3186946988535763
0.44091312588419296    0.3148276524999724
0.44091312588419296    0.3148276524999724
0.4506533144565846    0.3048757461586209
0.4506533144565846    0.3048757461586209
0.4506533144565846    0.3048757461586209
0.46055687297680065    0.29381979577302414
0.46055687297680065    0.29381979577302414
0.46055687297680065    0.2911816656433135
0.46055687297680065    0.2911816656433135
0.4679354244165772    0.2834565777386279
0.4679354244165772    0.2834565777386279
0.4736972369945215    0.28154936489835974
0.48963124580778117    0.2789335944968265
0.4900989444500652    0.26540243276582226
0.4900989444500652    0.26540243276582226
0.4900989444500652    0.26540243276582226
0.49065483782513375    0.2610734921947479
0.49355313665938816    0.25666452022119957
0.49355313665938816    0.25666452022119957
0.5059427472704221    0.24959439052858384
0.5059427472704221    0.24959439052858384
0.50712993170214    0.24884252048916747
0.5142802914475182    0.24884252048916747
0.5142802914475182    0.24884252048916747
0.5142802914475182    0.24884252048916747
0.5142802914475182    0.24884252048916747
0.5142802914475182    0.24884252048916747
0.5142802914475182    0.24884252048916747
0.6345373586298775    0.24218013916471176
0.6345373586298775    0.24218013916471176
0.6379865524197007    0.23448065968866233
0.6379865524197007    0.23448065968866233
0.6453957318700307    0.20973366626876638
0.6453957318700307    0.20973366626876638
0.6453957318700307    0.20973366626876638
0.6453957318700307    0.20973366626876638
0.6453957318700307    0.20973366626876638
0.6453957318700307    0.20973366626876638
0.6530807923852248    0.20160610277269492
0.6530807923852248    0.20160610277269492
0.654185037408929    0.18423577752000944
0.654185037408929    0.18423577752000944
0.654185037408929    0.18423577752000944
0.654185037408929    0.18423577752000944
0.6611336186942507    0.17060692994201235
0.6611336186942507    0.17060692994201235
0.6611336186942507    0.17060692994201235
0.6611336186942507    0.17060692994201235
0.680212698128816    0.16487774597125326
0.680212698128816    0.16487774597125326
0.727099431006729    0.1505057429388075
0.727099431006729    0.1505057429388075
0.727099431006729    0.1505057429388075
0.727099431006729    0.1505057429388075
0.727099431006729    0.1505057429388075
0.727099431006729    0.1505057429388075
0.727099431006729    0.1505057429388075
0.727099431006729    0.1505057429388075
0.727099431006729    0.1505057429388075
0.727099431006729    0.1505057429388075
0.727099431006729    0.1505057429388075
0.727099431006729    0.1505057429388075
0.727099431006729    0.1505057429388075
0.727099431006729    0.1505057429388075
