0.00045873471280452203    1.0099472791788202
0.004857301297040687    0.9920496584360535
0.014044350023393163    0.9766129787925188
0.021419765042040427    0.9576511932618712
0.027249219495788273    0.9494439693759221
0.032728930827304666    0.9400329265231886
0.04390715995601096    0.9151647416472058
0.05048075381208412    0.9024032846291393
0.05554276827950374    0.8932350449883204
0.06323456752007077    0.8782192117185871
0.070064292098426    0.8667769522929575
0.07481029792488482    0.8564125314501941
0.08235722528329525    0.8459691267778962
0.09006075291729738    0.8323320613000406
0.0924886885203627    0.8258573107071713
0.10069524728278596    0.8118055495766223
0.1054459910901583    0.8060442896873252
0.11294517294518974    0.7892214652326996
0.12010205654452377    0.782967426359421
0.12313169959113758    0.7715754322652557
0.12730709359924083    0.7631831549332195
0.13153666990787025    0.7542711561919624
0.14064356868262337    0.7415618030164141
0.14668390467356515    0.7351450611260972
0.1494192954433781    0.7273733830198755
0.157069449150862    0.7132075608505669
0.16303159556692653    0.7047111446469988
0.16713328487407256    0.6979967725660663
0.17348125480153828    0.6873534482745169
0.17912797304144204    0.6772746870958046
0.1819490408956354    0.6734805366715846
0.18626106273129545    0.6627004627860844
0.19286878282317807    0.6536035522775019
0.19760004170603998    0.6469275398169764
0.20365016853083015    0.6391626877550696
0.20721022678193265    0.6338057238365408
0.21176234246732578    0.6250724801219985
0.21488717770474267    0.6166806078057068
0.22141555908501534    0.6089415849685149
0.22432830449658892    0.6035438666567141
0.23161372506281366    0.5919405196026505
0.2372356171724085    0.5840092904271359
0.23911752309377918    0.5828439452108224
0.24372155602754778    0.575289083572512
0.25142578588537917    0.565258862391103
0.253527443069712    0.5583166066335622
0.2615887819133382    0.5518342885605323
0.2615887819133382    0.5475682248799338
0.26985017097316955    0.5376673341743994
0.2774226949667015    0.534964493404172
0.27971605764820673    0.5265786277525679
0.28279535968355884    0.518517580806908
0.286222746272304    0.5123135500969118
0.2946040980233113    0.5114524058139097
0.3002501797648611    0.5023871095808576
0.30277861229828273    0.49271054001907494
0.30907481902366923    0.4840492602534757
0.30907481902366923    0.4840492602534757
0.3144810749759529    0.4771378910932355
0.3213538441511821    0.4674514048705702
0.3244348541402495    0.4591310325917643
0.3288103350596581    0.45498281248099404
0.3308828831793891    0.4482168642086971
0.33558364981275524    0.44653949942111537
0.3421995026648208    0.4378714560720228
0.3442868274783132    0.43176547203397253
0.34749626067259337    0.42971008673064454
0.35705563143417    0.4191983693151169
0.3592659000662567    0.41369549167097974
0.3646461314868697    0.40759035870541155
0.36524903430096844    0.40333863814483323
0.3757106593874726    0.3941527543413053
0.3757106593874726    0.3941527543413053
0.37901527686643827    0.38862391247601913
0.3854286649674651    0.3809741182752668
0.3981421437660397    0.3675217473337926
0.3981421437660397    0.3675217473337926
0.3981421437660397    0.3675217473337926
0.404017941067225    0.36112348442950415
0.41538502104101765    0.3472398224544634
0.41538502104101765    0.3472398224544634
0.4170222614402236    0.3437377766383134
0.42682983834370347    0.3394511011443679
0.42756274811657946    0.32823629920092673
0.42756274811657946    0.32823629920092673
0.4462027483868456    0.31290659698646206
0.4462027483868456    0.31290659698646206
0.4462027483868456    0.31290659698646206
0.4487175832381089    0.3078222321354112
0.45689550943316326    0.2991617940922692
0.45689550943316326    0.2991617940922692
0.4759048540848845    0.28930662021505904
0.4759048540848845    0.28930662021505904
0.49604371584032264    0.2826205121703685
0.49604371584032264    0.2597081661221224
0.49604371584032264    0.2597081661221224
0.49604371584032264    0.2597081661221224
0.49604371584032264    0.2597081661221224
0.5018902742830152    0.25678473563265214
0.754024111334455    0.25276398676828954
