0.011043578575107585    1.0437451003498341
0.013859708554154259    0.996195809852284
0.013859708554154259    0.996195809852284
0.013859708554154259    0.996195809852284
0.015733652415711882    0.9977734735879753
0.023687610169744543    0.9803223007020615
0.023687610169744543    0.9803223007020615
0.023687610169744543    0.9803223007020615
0.03193807500360472    0.963245307719011
0.034584495611815175    0.9545514061565736
0.034584495611815175    0.9545514061565736
0.034584495611815175    0.9545514061565736
0.04214148422901221    0.947444584941818
0.04214148422901221    0.947444584941818
0.046825077162444106    0.941887534995971
0.048316767941919525    0.9266133376068909
0.048316767941919525    0.9266133376068909
0.048316767941919525    0.9266133376068909
0.05427274626368028    0.9149393573519313
0.05427274626368028    0.9149393573519313
0.05926195205676527    0.9123727492074902
0.06175964982482814    0.9051175746565976
0.06275025304119357    0.8991181770867255
0.06275025304119357    0.8991181770867255
0.06636358309340352    0.8959548921408813
0.06756815025463025    0.8844254767641737
0.0726314160719419    0.8778533226704216
0.07546184578704027    0.8765733636620922
0.07525752963133185    0.8676086192711931
0.07525752963133185    0.8676086192711931
0.08094322943858777    0.8675209937345598
0.08037175650089745    0.8603227507161985
0.084778842446122    0.8545686812131462
0.084778842446122    0.8494749727649584
0.084778842446122    0.8494749727649584
0.084778842446122    0.8494749727649584
0.09432633426828473    0.8453385270866967
0.09423563366687393    0.8341518542425541
0.09423563366687393    0.8341518542425541
0.09423563366687393    0.8341518542425541
0.10012724897401999    0.8312938396856513
0.10012724897401999    0.8312938396856513
0.10477500441860473    0.8269006123736462
0.10324556713557696    0.8184969434571319
0.09961413048774115    0.819786737338459
0.10391749717246705    0.8155476870195654
0.10391749717246705    0.8155476870195654
0.10825088409969849    0.8088689436458185
0.11295188753892256    0.8041372242005046
0.11295188753892256    0.8041372242005046
0.11295188753892256    0.8041372242005046
0.11295188753892256    0.8041372242005046
0.12059174603154554    0.7822713245083223
0.12571511527315019    0.7932071617598907
0.12059174603154554    0.7822713245083223
0.12059174603154554    0.7822713245083223
0.12059174603154554    0.7822713245083223
0.12059174603154554    0.7822713245083223
0.12874728802662216    0.7820596428342508
0.13043359260143736    0.7753203967574068
0.13043359260143736    0.7753203967574068
0.13161130867407728    0.7708049816171367
0.13161130867407728    0.7708049816171367
0.13161130867407728    0.7708049816171367
0.13161130867407728    0.7708049816171367
0.137682624478711    0.7621263550296333
0.137682624478711    0.7621263550296333
0.137682624478711    0.7621263550296333
0.14882643413384897    0.7612071257234937
0.1530935782635752    0.7494291972315106
0.14194335279867387    0.7533144018378611
0.1530935782635752    0.7494291972315106
0.1530935782635752    0.7494291972315106
0.1530935782635752    0.7494291972315106
0.1630476845617631    0.729128559008345
0.1630476845617631    0.729128559008345
0.1630476845617631    0.729128559008345
0.1630476845617631    0.729128559008345
0.1630476845617631    0.729128559008345
0.1630476845617631    0.729128559008345
0.1630476845617631    0.729128559008345
0.1630476845617631    0.729128559008345
0.1630476845617631    0.729128559008345
0.1630476845617631    0.729128559008345
0.1707221598425805    0.7283468685385512
0.1707221598425805    0.7283468685385512
0.19411913554469779    0.7193264184755824
0.19411913554469779    0.7193264184755824
0.19411913554469779    0.7193264184755824
0.19411913554469779    0.7193264184755824
0.196488520068471    0.711337780916928
0.196488520068471    0.711337780916928
0.196488520068471    0.711337780916928
0.196488520068471    0.711337780916928
0.196488520068471    0.711337780916928
0.22031112273608672    0.7099783848249527
0.22031112273608672    0.7099783848249527
0.23515047079997545    0.7007868978831217
0.23515047079997545    0.7007868978831217
0.23515047079997545    0.7007868978831217
0.23515047079997545    0.7007868978831217
0.2424427655542302    0.6798487409111087
0.2424427655542302    0.6798487409111087
0.2341141995299288    0.6773618565221371
0.2341141995299288    0.6773618565221371
0.2341141995299288    0.6773618565221371
0.2341141995299288    0.6773618565221371
0.2341141995299288    0.6773618565221371
0.2341141995299288    0.6773618565221371
0.3133442596773558    0.6515738220570018
0.3133442596773558    0.6515738220570018
0.3133442596773558    0.6515738220570018
0.3133442596773558    0.6515738220570018
0.3133442596773558    0.6515738220570018
0.3133442596773558    0.6515738220570018
0.3133442596773558    0.6515738220570018
0.3133442596773558    0.6515738220570018
0.3133442596773558    0.6515738220570018
0.3203657765342205    0.6373954814367946
0.3203657765342205    0.6373954814367946
0.3203657765342205    0.6373954814367946
0.3203657765342205    0.6373954814367946
0.3203657765342205    0.6373954814367946
0.3213258769029116    0.6373954814367946
