0.0010832535734836383    0.9985601831267662
0.0010832535734836383    0.9985601831267662
0.007381765510709397    0.9863520123458429
0.01390539970457795    0.9738353144502593
0.020424517786955622    0.9608305043818376
0.02461956397481218    0.9540171337838321
0.027622171668244246    0.9462968645293329
0.034253564854049234    0.9336938352550918
0.038315997231314874    0.9250098927331405
0.04362962248148278    0.9148408821884664
0.04653499275845439    0.9091858685910691
0.05236525294575032    0.899011952545281
0.05417439562576536    0.8947231280490666
0.061678791200876056    0.8829766144340827
0.06506205839135164    0.8742873670143824
0.07046133730043984    0.8655695783262113
0.07395370971778856    0.8584381832678145
0.0779083977247384    0.8522768073087171
0.08214166923032518    0.8432891508082192
0.08627623203911274    0.8367445546083895
0.09105473257357993    0.8268838057483694
0.09414430013377456    0.8210742410829428
0.09985007426836598    0.8127112292769332
0.10137174691749608    0.8088777998936879
0.1072699458957959    0.7985611757834692
0.11245509204445465    0.7916564986690025
0.11633362636616285    0.7816274374825443
0.1205898512969778    0.7794659014933769
0.12464322123508333    0.7684601375768587
0.1276126317308578    0.7633652032094185
0.1314169599144099    0.7555722394526357
0.13567241850560863    0.749074615522664
0.13714524511617443    0.7446647361643249
0.14358697117586497    0.7338729645361227
0.1469860784432568    0.7277378717458071
0.15280027474507843    0.7259981499600118
0.1545315407439795    0.715499366658875
0.15837578060033167    0.7098453254481119
0.16272616627856604    0.7013673889379011
0.1669355012780718    0.6942394050480383
0.1699923957435536    0.689482581858897
0.1731660500067999    0.6848901986609818
0.1764920742791804    0.6797372629098805
0.18043796333234172    0.6723661694238573
0.18510750967615128    0.6649366173521419
0.1884785410046127    0.6608040327362051
0.19270684176144134    0.653581150281855
0.1946322965261338    0.6503000258766554
0.19917411293504736    0.644606133078257
0.2014396618249041    0.6384036507560787
0.207334365820969    0.6305395103777244
0.21068248962368558    0.6232299572442611
0.21478519516953    0.6175410933145041
0.21865226906447377    0.6133366152748444
0.22104051539022423    0.6075237843364536
0.2259515175334326    0.601256738473172
0.22764808528192162    0.597672665090603
0.2317229863586082    0.5910174310243372
0.23548005348588394    0.5851705206426464
0.23708388233052374    0.5825336405311803
0.24243153326335037    0.5741857121536804
0.24636095341479816    0.5701372701298707
0.248497242816761    0.5683921576164874
0.25294843134077183    0.5594358302466128
0.25651799997600966    0.5548934514573137
0.25894683099027443    0.5498230111828577
0.2643133376596735    0.5475710297130469
0.2672550693476297    0.5417077654345028
0.2700545836623533    0.533666325754388
0.27449784892593315    0.5296920179393494
0.27449784892593315    0.526703769608564
0.28005661529587084    0.5192743479159556
0.2845400861926095    0.5120936111395877
0.2867409641892972    0.5103014016671507
0.2898763798888257    0.5046053917434371
0.29431696437892185    0.4992269398110064
0.2972121600356793    0.4983495310763209
0.3024459167633698    0.48687574825365515
0.3024459167633698    0.48687574825365515
0.30729563877775923    0.48363861498364874
0.31277550886176236    0.47533181190528223
0.31277550886176236    0.47533181190528223
0.3196864698136747    0.46580034477466464
0.3196864698136747    0.46580034477466464
0.3238973928691085    0.4643729706049961
0.3301694997150758    0.45501415343348095
0.33396459991197325    0.45255268019648975
0.3363329147491892    0.4441751464168976
0.34061974138490503    0.4378607460461987
0.3416446871029527    0.43592134061443943
0.3443316301986496    0.4323861355057481
0.34926382061272515    0.42721399505002344
0.3546342592481566    0.4234411146957492
0.354857972460701    0.41789567286362084
0.35793347368496925    0.41277986813806866
0.35962877130639687    0.4104925770358318
0.3634223578641652    0.40593443341425134
0.36953666628731335    0.3990768953854478
0.36953666628731335    0.3990768953854478
0.37454959277541994    0.39263795433989845
0.3793565484971735    0.38638342618863614
0.3813579705388609    0.3834601263902323
0.3847064557560166    0.38154817960669857
0.38735012624286064    0.3759735395834084
0.39178601814222225    0.37068762961968493
0.395622307526948    0.3685704040916499
0.3986510602589355    0.3628697993724529
0.4011979751195882    0.36011291880203955
0.4060015971545318    0.35517355515399285
0.408212522784753    0.3507844822460945
0.41149144484409605    0.3474755714410951
0.41394809951009687    0.34349025024406454
0.41679917067474576    0.34130333515437045
0.4254012575450534    0.3318315908496957
0.4254012575450534    0.3318315908496957
0.4330659479685601    0.3264684620765794
0.43502350034307197    0.3239609091661733
0.4397728147853594    0.31884880207208105
0.4397731416814988    0.31518535682314514
0.4448652382327664    0.3088369555233019
0.4448652382327664    0.3088369555233019
0.45215472963611947    0.30579165978026135
0.4538984090643543    0.29971640242723185
0.45733847472329997    0.2962796444366515
0.46001988726956566    0.2918593338204228
0.46512027601688444    0.2870665752710928
0.46733451003857757    0.2855362342257416
0.4700514533175222    0.28258752211954413
0.47818902192504054    0.2746661804231619
0.47818902192504054    0.2746661804231619
0.48174490423756333    0.27121628638835327
0.48515045668026874    0.2663212146928215
0.4884660994639198    0.26242469126065965
0.4925298142891056    0.2598475713966334
0.49760296707220913    0.2527573262765008
0.49760296707220913    0.2527573262765008
0.5059807248564537    0.2505239719005679
0.5199916095941086    0.2504592720193857
0.529300960351884    0.2504489667867183
0.5326430402858704    0.2504375161026817
0.5326430402858704    0.2504375161026817
0.5326430402858704    0.2504375161026817
0.5755730016893241    0.2504375161026817
0.5755730016893241    0.2504375161026817
0.5755730016893241    0.2504375161026817
0.5755730016893241    0.2504375161026817
0.5755730016893241    0.2504375161026817
0.5755730016893241    0.2504375161026817
0.6656439851578778    0.25043359398489745
0.6656439851578778    0.25043359398489745
0.6656439851578778    0.25043359398489745
0.6656439851578778    0.25043359398489745
0.6656439851578778    0.25043359398489745
0.6656439851578778    0.25043359398489745
0.6656439851578778    0.25043359398489745
0.6656439851578778    0.25043359398489745
0.6656439851578778    0.25043359398489745
0.6656439851578778    0.25043359398489745
0.6656439851578778    0.25043359398489745
0.6656439851578778    0.25043359398489745
0.6656439851578778    0.25043359398489745
0.6656439851578778    0.25043359398489745
0.6656439851578778    0.25043359398489745
0.6656439851578778    0.25043359398489745
0.6656439851578778    0.25043359398489745
0.6221454490538624    0.2504299648385136
0.6221454490538624    0.2504299648385136
0.6221454490538624    0.2504299648385136
0.6221454490538624    0.2504299648385136
0.6221454490538624    0.2504299648385136
0.6221454490538624    0.2504299648385136
0.6221454490538624    0.2504299648385136
0.6221454490538624    0.2504299648385136
0.6221454490538624    0.2504299648385136
0.6221454490538624    0.2504299648385136
0.6221454490538624    0.2504299648385136
0.6221454490538624    0.2504299648385136
0.6221454490538624    0.2504299648385136
0.6221454490538624    0.2504299648385136
0.6221454490538624    0.2504299648385136
0.6221454490538624    0.2504299648385136
0.6221454490538624    0.2504299648385136
0.6221454490538624    0.2504299648385136
0.6221454490538624    0.2504299648385136
0.6221454490538624    0.2504299648385136
0.6221454490538624    0.2504299648385136
0.6221454490538624    0.2504299648385136
0.6221454490538624    0.2504299648385136
0.6221454490538624    0.2504299648385136
0.6221454490538624    0.2504299648385136
0.6221454490538624    0.2504299648385136
0.6221454490538624    0.2504299648385136
0.6221454490538624    0.2504299648385136
0.6221454490538624    0.2504299648385136
0.6221454490538624    0.2504299648385136
0.5735435423322496    0.2504299648385136
0.5735435423322496    0.2504299648385136
0.6510245055966117    0.2504299648385136
0.814756303694667    0.2504299648385136
0.639201230480511    0.2504299648385136
