0.00432889993194624    1.005713953749626
0.00432889993194624    1.005713953749626
0.009355818976787493    1.003369172742092
0.009355818976787493    1.003369172742092
0.0166791437675358    0.9839027173328823
0.01817999198726059    0.9795179241986224
0.021578386944944215    0.968457134859936
0.025435569272466717    0.9649342518390677
0.025784571060019815    0.9606114933913312
0.0298987047522888    0.9506280896901634
0.03376044423855741    0.9430120510616259
0.03590953911950642    0.9392577080751989
0.03859999266694225    0.9374480454598348
0.04073287081915469    0.9304400155951806
0.0433516735103102    0.9258442328790557
0.04551696578707736    0.9187567239138751
0.04823893366030309    0.9157970150305084
0.05028910486186954    0.9103787649458045
0.05115344033506232    0.9055071714624495
0.053163533664357665    0.9051567748085569
0.05582353663444448    0.8984924606336631
0.06061738395334881    0.894176727781053
0.06161113744394939    0.889095279848086
0.06345621189380665    0.884361372115772
0.06675465603040788    0.8806173931887831
0.06676533434120864    0.8757813132685386
0.06950875662517458    0.8698389667566342
0.07256764138967753    0.8668754156272739
0.07321805341146734    0.8613323752073322
0.07321805341146734    0.8613323752073322
0.07786690224979187    0.8582700691741859
0.08043947933158525    0.8522536511341273
0.0820248774811605    0.8512402880741423
0.08539897185919551    0.8444540874785336
0.08578771249468674    0.8439185266241864
0.08959337740711944    0.8371689840546918
0.08970544634247078    0.8341559152063648
0.08970544634247078    0.8341559152063648
0.09586342704529449    0.8287824733673512
0.09668190023936464    0.8265411084520491
0.0975424425982725    0.8256363306796205
0.0996466834653905    0.8201239323290745
0.10324636546140423    0.8158450778631607
0.10343323053963067    0.8143306077539244
0.1044427654312273    0.8117052843184559
0.10622407454635842    0.808201325807183
0.10828886758012402    0.8047742215626641
0.10828886758012402    0.8047742215626641
0.11019397811543154    0.8028372095541835
0.11156807744339776    0.7966287192884907
0.11365470175701607    0.7953962284597479
0.11941212905129132    0.7913169699109334
0.11882614655879774    0.7904949545115098
0.12072563617310837    0.7847499516811136
0.12067822740887287    0.7829358492519646
0.12067822740887287    0.7829358492519646
0.12442998601094736    0.7765462564385504
0.12442998601094736    0.7765462564385504
0.1282288979275916    0.7697237205694216
0.12848713120928668    0.7692422279107229
0.13264277332905108    0.7680660138523949
0.1297399820494984    0.7658083270350532
0.13475199789709905    0.7559608094697208
0.13475199789709905    0.7559608094697208
0.13475199789709905    0.7559608094697208
0.13579919441848448    0.7533649207699419
0.13579919441848448    0.7533649207699419
0.13798817937072033    0.7487668605937969
0.13798817937072033    0.7487668605937969
0.14400418032109888    0.7460400650217034
0.14463555093506789    0.7457665647458939
0.14341404176927292    0.7428165413994274
0.14548251198881415    0.7384103859057001
0.15138972099690262    0.7322273111751684
0.15138972099690262    0.7322273111751684
0.14950639608371386    0.7320287320991242
0.15166350716535004    0.7251482048263715
0.15166350716535004    0.7251482048263715
0.151991896400461    0.7241415200819036
0.1554433616312252    0.7218305814317472
0.1554433616312252    0.7218305814317472
0.1594416909970105    0.7181931080736907
0.15901260075071158    0.7176107777692725
0.1614074018833069    0.7130621698931491
0.1614074018833069    0.7130621698931491
0.16423149010597968    0.7100654237928394
0.16644540473725175    0.7063675825103656
0.16644540473725175    0.7063675825103656
0.1804451331011623    0.691407123190064
0.17479941094593654    0.6983754490119647
0.17479941094593654    0.6983754490119647
0.17479941094593654    0.6983754490119647
0.1804451331011623    0.691407123190064
0.1804451331011623    0.691407123190064
0.1804451331011623    0.691407123190064
0.1804451331011623    0.691407123190064
0.19417286289989483    0.6908161569076668
0.217570582958014    0.6853434508741221
0.217570582958014    0.6853434508741221
0.2486856749793483    0.6842043113516637
