0.000381421970970663    1.0015425975827437
0.0005528790168038613    1.0001811225818622
0.007687100048232916    0.9899579483629654
0.010697032273133497    0.9812109461465423
0.010697032273133497    0.9812109461465423
0.0186121160757733    0.970366373494124
0.021015968984862913    0.9589891714150351
0.025098447999561787    0.9536479186596147
0.02889482219946643    0.9467559839931886
0.032293493840413495    0.9399210135781918
0.03559924052987634    0.934952088976366
0.037874272898924664    0.925803277764151
0.04240206390947272    0.9211371408764819
0.046125136257688125    0.9134122903759456
0.049081363033157965    0.9075261229221742
0.049081363033157965    0.9075261229221742
0.05606970051897172    0.8927316595685494
0.05917578416169034    0.8857289765843318
0.06248278620881072    0.8811781285466874
0.0657017067266825    0.8739453373435923
0.06882154115379796    0.8729565246368945
0.07218372797263904    0.8614710679122085
0.07498941780832656    0.8586962177979147
0.07832617414042943    0.8538330823485255
0.08008332919244943    0.8479517005808416
0.08469461803620133    0.8401222680162995
0.08787545360127239    0.8322686145275914
0.09106001295797354    0.8299997890770349
0.09408163212495538    0.8234584700841557
0.0968009067339148    0.8162737783942344
0.10010784338738074    0.8100405525341321
0.10269680574001604    0.8053236671210674
0.10489443387592522    0.8016109315113841
0.10897574003541885    0.7952856310855163
0.11256785106619516    0.79019838664956
0.11464299403190892    0.7857775457144235
0.1170424441585261    0.7811896854195565
0.12015139439423966    0.7745975470189183
0.12377315288457313    0.7705967107310855
0.1263511494007185    0.764505299756432
0.1296968482770972    0.7575333423058281
0.13278925540807596    0.754149869876507
0.13566126255924443    0.7475796473893292
0.13608830544294653    0.7475796473893292
0.13964826067897024    0.7406465484846051
0.14412406305585962    0.733562050739659
0.14718671652152712    0.7308021440126661
0.1496171863689428    0.7251821518868012
0.1525700411997135    0.7182850903784025
0.15447900963695096    0.7161696300274528
0.1566958133262565    0.7122416619212216
0.1595996986382222    0.7080891857858234
0.16351385309988795    0.7030220666082159
0.16574209273279503    0.6987857194031697
0.16877185153898755    0.6919303908776018
0.17122140305271724    0.687621577115403
0.17313264652947405    0.6844209668701864
0.17738763203995217    0.6776748609453169
0.17934481504611857    0.6763754134355858
0.1829638096721354    0.6715302993115891
0.1853004685175618    0.6658713733680564
0.18724147112551776    0.66211878816084
0.19034061301982877    0.6563028535155443
0.19328335329497406    0.6511140265205155
0.19506930205916648    0.6482426478491148
0.19869323044410678    0.6441922566973688
0.20104820670039492    0.6392612398857843
0.20293308069839877    0.6372416123041108
0.20691195906415857    0.6306945806508171
0.2078769665593296    0.6293766902435733
0.21113232300630821    0.625116503347413
0.21378770533056654    0.6196241119550834
0.2172730688810274    0.6160248207009961
0.21832574392161208    0.6116782646788764
0.2209024322333006    0.6072702129657409
0.22355107152265322    0.6049443908088651
0.22665373733594846    0.5996259627789168
0.2290344597064318    0.596429896768456
0.23138171201319285    0.5934051874812482
0.23550766085242697    0.5901550484832893
0.2377788900096151    0.585367607692418
0.23945610715357118    0.578744716964824
0.24192729834996374    0.5775858992144447
0.2458266441107354    0.5720719600133034
0.24769144062290088    0.5703154870096107
0.24901863193504045    0.56514809035195
0.25294527146994134    0.5627308427233749
0.2540139515611767    0.5573468412164312
0.25749676734537114    0.5520416017363595
0.25749676734537114    0.5520045431263051
0.2630614062624056    0.5455678226924364
0.2649713682425884    0.5412489886627995
0.2649713682425884    0.5412489886627995
0.2705213531566974    0.5347044735895254
0.27143951255113496    0.5310143372200016
0.27516807591236137    0.5306795121544402
0.27724668505794864    0.5242952641286894
0.2782845604438638    0.5228466343007453
0.28269404889651356    0.5163966719007159
0.28332520211913925    0.5152983269459546
0.2871796504180965    0.5100630599577193
0.2898671897648393    0.5058300690483749
0.2898671897648393    0.5058300690483749
0.29614514442693984    0.5010625346044749
0.2962219379815193    0.4965696666405644
0.2998353563601299    0.4929970162823011
0.30305783561365934    0.48601800355541075
0.30305783561365934    0.48601800355541075
0.3061954842543579    0.4841978718112874
0.3096579071007072    0.48081142388103554
0.31279246907866715    0.47547852128595386
0.31279246907866715    0.4752878890078416
0.3153443199042103    0.47113710683983007
0.31840032996218465    0.4659265642434222
0.3205056291102931    0.4630551322760973
0.3236843820628914    0.45930334829430336
0.32454764969083333    0.4570157432495944
0.3281407708247443    0.45387001716871167
0.32957937194529074    0.45171478392029424
0.3340092367565906    0.44690805497377606
0.33786478009346105    0.44337635961373767
0.3397986366637972    0.44245552646040076
0.3438511566187557    0.4330196522114445
0.3438511566187557    0.4330196522114445
0.3438511566187557    0.4321838400056506
0.3499800252800519    0.42885623294410197
0.35034354337522555    0.4258524188194304
0.35209313860165514    0.42088465625989707
0.35209313860165514    0.42088465625989707
0.35671982739593955    0.4156860995226796
0.35933659567436893    0.41190738989089143
0.36017919623897965    0.4097278847855024
0.365145673425143    0.4057816987977507
0.3678912532367983    0.4010095781511974
0.3678912532367983    0.4010095781511974
0.3719427482821796    0.3955214367197968
0.37460071211555296    0.3919986656902537
0.37460071211555296    0.3919986656902537
0.3803156092317662    0.3851562547476998
0.3803156092317662    0.3851562547476998
0.38414494078967737    0.38103613512001716
0.3851757854029689    0.37810546158454456
0.3857520174109176    0.37810546158454456
0.39295499258955685    0.37463084218239345
0.3930884499653938    0.3701254061870472
0.3972140098460161    0.36752849538746524
0.3985840296434982    0.36499194510668687
0.4002565820881741    0.36222190280413646
0.4026278970027023    0.3587360895778507
0.4091560824923991    0.35092498277606665
0.4091560824923991    0.35092498277606665
0.4091560824923991    0.35040450665562084
0.41220925002599196    0.3460938338140725
0.4174650210059074    0.3404538185604043
0.4174650210059074    0.3404538185604043
0.4177009382265424    0.3401769303770207
0.42647443341959623    0.3363481672058434
0.4282097607301346    0.33025561294301087
0.4282097607301346    0.33025561294301087
0.43077566736717954    0.3272675035330641
0.43179893680769665    0.32549865957937535
0.4361855512867026    0.31952863634627426
0.4370669393942281    0.3183040100382983
0.4370669393942281    0.3183040100382983
0.44551235465659056    0.3097206505993093
0.44551235465659056    0.3097206505993093
0.44912136179263873    0.30635667061554755
0.45016215543831056    0.30516200343851746
0.4520142188097444    0.3006669247766095
0.45377633804833517    0.29953938730122553
0.45978289544294826    0.2961570241486494
0.4598329770959472    0.2946217384702708
0.46418663487025635    0.29209329634897047
0.46907663353503215    0.28424910631415085
0.46907663353503215    0.28424910631415085
0.47287522801266174    0.2812273194418302
0.47287522801266174    0.2812273194418302
0.4758821458030937    0.2780544121366892
0.481335997638142    0.2708355282722399
0.481335997638142    0.2708355282722399
0.48188643039384566    0.2696105989850809
0.4880921694483584    0.26353031786874365
0.4880921694483584    0.26353031786874365
0.4880921694483584    0.26353031786874365
0.4883033862515973    0.26353031786874365
0.5091022062350986    0.2562415463733352
0.5091022062350986    0.2562415463733352
0.5098273335507959    0.25286103535734894
0.517048019253771    0.2524826166258257
0.5232686874902653    0.2482397785993349
0.5232686874902653    0.2482397785993349
0.5312742980117386    0.24425659976566488
0.5345265207883867    0.23671266958361073
0.5345265207883867    0.23671266958361073
0.5345265207883867    0.23671266958361073
0.5345265207883867    0.23671266958361073
0.5527495516261234    0.2303561387557832
0.5527495516261234    0.2303561387557832
0.5568047202764448    0.22700335783222322
0.5632531624418219    0.2235012873862418
0.5644307442272285    0.22200797970773506
0.5697461728833706    0.21744449456991258
0.5697461728833706    0.21702199321753157
0.579266890896385    0.2108188850476449
0.5793043239429689    0.2108188850476449
0.5841190547241687    0.20964204121650792
0.5907595306722143    0.2082920021491508
0.6021695277235906    0.2041013576540292
0.6069893187461171    0.1978906363250214
0.6069893187461171    0.1978906363250214
0.6069893187461171    0.1978906363250214
0.6069893187461171    0.1978906363250214
0.6069893187461171    0.1978906363250214
0.6671287305875581    0.1978906363250214
0.692574651957752    0.1978906363250214
0.692574651957752    0.1978906363250214
0.692574651957752    0.1978906363250214
0.692574651957752    0.1978906363250214
0.692574651957752    0.1978906363250214
0.692574651957752    0.1978906363250214
0.692574651957752    0.1978906363250214
0.692574651957752    0.1978906363250214
0.692574651957752    0.1978906363250214
0.692574651957752    0.1978906363250214
0.692574651957752    0.1978906363250214
0.692574651957752    0.1978906363250214
0.692574651957752    0.1978906363250214
0.692574651957752    0.1978906363250214
0.692574651957752    0.1978906363250214
0.692574651957752    0.1978906363250214
0.692574651957752    0.1978906363250214
0.692574651957752    0.1978906363250214
0.692574651957752    0.1978906363250214
0.692574651957752    0.1978906363250214
0.692574651957752    0.1978906363250214
0.692574651957752    0.1978906363250214
0.692574651957752    0.1978906363250214
0.692574651957752    0.1978906363250214
0.692574651957752    0.1978906363250214
0.692574651957752    0.1978906363250214
0.692574651957752    0.1978906363250214
0.692574651957752    0.1978906363250214
0.692574651957752    0.1978906363250214
0.692574651957752    0.1978906363250214
0.692574651957752    0.1978906363250214
0.692574651957752    0.1978906363250214
0.692574651957752    0.1978906363250214
0.692574651957752    0.1978906363250214
