0.006863540326943816    1.0092856370752576
0.006863540326943816    1.0092856370752576
0.006863540326943816    1.0092856370752576
0.006863540326943816    1.0092856370752576
0.006863540326943816    1.0092856370752576
0.013624086649433693    0.997984142164429
0.015240594798735173    0.9922240968662884
0.015240594798735173    0.9922240968662884
0.019119196523827688    0.9862523453002676
0.020132087273056883    0.984668033257472
0.02249208551456808    0.9782266870804007
0.02249208551456808    0.9782266870804007
0.02249208551456808    0.9782266870804007
0.026416188417586483    0.970529926827002
0.026416188417586483    0.970529926827002
0.029064389927210638    0.9538720122345411
0.029064389927210638    0.9538720122345411
0.029064389927210638    0.9538720122345411
0.029064389927210638    0.9538720122345411
0.029064389927210638    0.9538720122345411
0.029064389927210638    0.9538720122345411
0.03745614049497228    0.9503591603489374
0.03927416757437857    0.9421651734452072
0.03927416757437857    0.9421651734452072
0.03927416757437857    0.9421651734452072
0.03927416757437857    0.9421651734452072
0.04497467198573454    0.9411692162865957
0.04729498554212645    0.9233372826864656
0.04729498554212645    0.9233372826864656
0.04729498554212645    0.9233372826864656
0.04729498554212645    0.9233372826864656
0.05046401176489302    0.9204629093551522
0.05046401176489302    0.9204629093551522
0.05310113233299083    0.9180014356611642
0.0547251191132566    0.9142592655422361
0.0547251191132566    0.9142592655422361
0.05670995993960605    0.9006189106392862
0.05670995993960605    0.9006189106392862
0.05670995993960605    0.9006189106392862
0.05991698973537921    0.8969614117049031
0.05991698973537921    0.8969614117049031
0.05991698973537921    0.8969614117049031
0.06385234415028757    0.893506576308786
0.06385234415028757    0.893506576308786
0.06660895683029742    0.8831003277798198
0.06660895683029742    0.8831003277798198
0.06660895683029742    0.8831003277798198
0.06660895683029742    0.8831003277798198
0.06660895683029742    0.8831003277798198
0.0721947380583241    0.8750923051197629
0.0721947380583241    0.8750923051197629
0.07279385542812795    0.8706995935619376
0.07279385542812795    0.8706995935619376
0.07279385542812795    0.8706995935619376
0.07640161726903058    0.8628075601548659
0.07640161726903058    0.8628075601548659
0.07640161726903058    0.8628075601548659
0.07640161726903058    0.8628075601548659
0.08069504491995808    0.8585039630189155
0.08069504491995808    0.8585039630189155
0.08187935330212154    0.8550938788208068
0.08187935330212154    0.8550938788208068
0.08544307435192339    0.8516438030929737
0.08544307435192339    0.8516438030929737
0.08744485471943758    0.84507973557176
0.08744485471943758    0.84507973557176
0.08744485471943758    0.84507973557176
0.0867006657771331    0.8433058510115743
0.0867006657771331    0.8433058510115743
0.08592364800506622    0.8428077129056737
0.09435668183110078    0.8367411355576481
0.09435668183110078    0.8367411355576481
0.09435668183110078    0.8367411355576481
0.09435668183110078    0.8367411355576481
0.09794859070517349    0.8349374830708844
0.09813973238297008    0.825141741084497
0.09813973238297008    0.825141741084497
0.09813973238297008    0.825141741084497
0.09938928534772717    0.823480268443012
0.09791962261642605    0.8194599443445806
0.09791962261642605    0.8194599443445806
0.10133905812922729    0.8169330459026222
0.10133905812922729    0.8169330459026222
0.10133905812922729    0.8169330459026222
0.10459354497288786    0.81576164560214
0.10568286713012505    0.810879669495352
0.10568286713012505    0.810879669495352
0.10658163153728273    0.8096233900732849
0.10658163153728273    0.8096233900732849
0.10924471751229536    0.805001566418474
0.10924471751229536    0.805001566418474
0.10924471751229536    0.805001566418474
0.1094743682660169    0.8016851208392524
0.10884267524894434    0.8011658018641578
0.10884267524894434    0.8011658018641578
0.11505513775315522    0.7915964865615299
0.11505513775315522    0.7915964865615299
0.11505513775315522    0.7915964865615299
0.11505513775315522    0.7915964865615299
0.11505513775315522    0.7915964865615299
0.11505513775315522    0.7915964865615299
0.11980595884628154    0.7905515156991909
0.1209651401022836    0.7861810071230638
0.1209651401022836    0.7861810071230638
0.12153811844951506    0.7833381148105677
0.12153811844951506    0.7833381148105677
0.12153811844951506    0.7833381148105677
0.12328792370258951    0.774855746200784
0.12328792370258951    0.774855746200784
0.12328792370258951    0.774855746200784
0.12328792370258951    0.774855746200784
0.12328792370258951    0.774855746200784
0.12643915794078833    0.772060909027207
0.12643915794078833    0.772060909027207
0.12789419107117117    0.7702766146316514
0.12789419107117117    0.7702766146316514
0.1268717337681246    0.7700043752535802
0.1268717337681246    0.7700043752535802
0.1353257929511432    0.7675483960982259
0.1353257929511432    0.7675483960982259
0.13633603258291585    0.7628062101458822
0.13633603258291585    0.7628062101458822
0.13633603258291585    0.7628062101458822
0.13838723937096822    0.7607563237647402
0.13838723937096822    0.7607563237647402
0.13962949446375458    0.7548866949863724
0.13962949446375458    0.7548866949863724
0.13962949446375458    0.7548866949863724
0.13962949446375458    0.7548866949863724
0.13762387822698466    0.7493182444165054
0.13762387822698466    0.7493182444165054
0.13762387822698466    0.7493182444165054
0.13762387822698466    0.7493182444165054
0.13762387822698466    0.7493182444165054
0.14707120646001248    0.7425206033774093
0.14707120646001248    0.7425206033774093
0.14707120646001248    0.7425206033774093
0.14707120646001248    0.7425206033774093
0.14707120646001248    0.7425206033774093
0.14757266857803922    0.7420024953853642
0.14816828446247773    0.7403659964643199
0.14940297740218586    0.7378452708235604
0.14940297740218586    0.7378452708235604
0.14940297740218586    0.7378452708235604
0.15309489895152756    0.7350124961044479
0.15309489895152756    0.7350124961044479
0.15309489895152756    0.7350124961044479
0.15611793912444377    0.7307310691270423
0.15611793912444377    0.7307310691270423
0.15611793912444377    0.7307310691270423
0.15611793912444377    0.7307310691270423
0.16090848553888623    0.723305972676195
0.1607701660018155    0.7241348032844734
0.1607701660018155    0.7241348032844734
0.16090848553888623    0.723305972676195
0.16090848553888623    0.723305972676195
0.16090848553888623    0.723305972676195
0.16090848553888623    0.723305972676195
0.16619611638041776    0.7212524700660836
0.16619611638041776    0.7212524700660836
0.16756350495545336    0.7163490267086583
0.16756350495545336    0.7163490267086583
0.16756350495545336    0.7163490267086583
0.16756350495545336    0.7163490267086583
0.16756350495545336    0.7163490267086583
0.17387430670209014    0.7112641758619634
0.17387430670209014    0.7112641758619634
0.17387430670209014    0.7112641758619634
0.17387430670209014    0.7112641758619634
0.17387430670209014    0.7112641758619634
0.17795629337004984    0.7070599317027545
0.17795629337004984    0.7070599317027545
0.17795629337004984    0.7070599317027545
0.17795629337004984    0.7070599317027545
0.1802338101588626    0.705466652767764
0.1802338101588626    0.705466652767764
0.18354357916265004    0.7034865674702608
0.18354357916265004    0.7034865674702608
0.18617324534560475    0.7015011662060261
0.18777359374505453    0.7003592701467147
0.18777359374505453    0.7003592701467147
0.1907836463127085    0.6996610141357938
0.19413223593117246    0.6990039696624522
0.20237912958570387    0.6980867616549641
0.20428868852681914    0.6935062464537103
0.20428868852681914    0.6935062464537103
0.20428868852681914    0.6935062464537103
0.20428868852681914    0.6935062464537103
0.2072384190284681    0.6913377626478623
0.2072384190284681    0.6913377626478623
0.2123813175461331    0.688576749588641
0.2123813175461331    0.688576749588641
0.2123813175461331    0.688576749588641
0.21563660932392334    0.688017544127248
0.2248994158723091    0.6848373446126402
0.2248994158723091    0.6848373446126402
0.23399169082961238    0.6840457310127088
0.24216869580551048    0.6812467262198644
0.24216869580551048    0.6812467262198644
0.24216869580551048    0.6812467262198644
