0.003511376191900169    1.0370501016886204
0.005463268245398276    0.9997661828036145
0.007791151156458799    0.9953776408770483
0.009755684951660286    0.9890318706982512
0.011600673622778118    0.9875555968556688
0.011600673622778118    0.9875555968556688
0.01605112314444394    0.9770856239474951
0.01863114073274257    0.9700993320182852
0.019042553808469823    0.9687842262063697
0.02124867749406808    0.9661891746328887
0.025136585165783463    0.9646069346370814
0.025136585165783463    0.9646069346370814
0.02894682794733821    0.9486927270647286
0.02894682794733821    0.9486927270647286
0.03134063241710831    0.9454885673088419
0.034329217361791634    0.9398110741570699
0.03641036187421245    0.9341306759222918
0.03756858534476176    0.9322343442541793
0.040196485694437276    0.929086306466227
0.04274280077766339    0.9252039267279961
0.04472021503828631    0.9183610696314215
0.04490215414761051    0.9182853141318481
0.048509117464518706    0.9147875742365851
0.0496545567753571    0.908409039123291
0.05218795122907564    0.9067672935065778
0.054374599050643166    0.9016550038490986
0.056015420800366075    0.898174908110011
0.05804911619331104    0.8971823107126682
0.05964451397085251    0.8957215571751014
0.05964451397085251    0.8957215571751014
0.0634681846521052    0.883854055397668
0.0637955711160324    0.8827239455170247
0.06779369029573833    0.8789192968912415
0.06829018902328654    0.8771305783162235
0.07142464401181857    0.873137195590258
0.07220547099835013    0.8693825531627134
0.07357255384258038    0.8663589174598938
0.07501239038263147    0.8635341913125794
0.07781508221384595    0.860539794942207
0.07897620369457965    0.856638440688537
0.08141272047318743    0.85171384805936
0.0833291978514785    0.8513034577319584
0.08468583971754617    0.8477852572977596
0.08620765343597517    0.8435013520758263
0.087855599755093    0.8380484638090756
0.0886338196284283    0.837923048315575
0.09228325783686886    0.8304048154570739
0.0926735067806506    0.8293568431240327
0.09378603800442518    0.830236836052209
0.09585691598414343    0.8255986394664055
0.09841554217455635    0.8214960653665951
0.09923173212672289    0.818186279993184
0.10104179004481371    0.8150750400548201
0.102123892856754    0.8149822489405727
0.10445403717593942    0.8100952195802449
0.10498735960144576    0.8062874546155385
0.10690046599162205    0.8041673952987372
0.10988134714030068    0.8016957727892196
0.10985506566357953    0.7980712608510594
0.11244330506417109    0.7958826665742098
0.11330756521666863    0.7921553756137687
0.11391205094324677    0.7904536587043299
0.11692560494232918    0.7878844932847218
0.1188656818962329    0.7843977512225426
0.11865420174203835    0.7834340137813354
0.11971107528526292    0.7800662220481847
0.12269752824827605    0.7753753547197128
0.12269752824827605    0.7753753547197128
0.1251942886814812    0.7749671179396849
0.12719433214381085    0.768468558539858
0.12799529427998158    0.7668745126072991
0.12799529427998158    0.7668745126072991
0.13288987814129216    0.7605516124954395
0.13288987814129216    0.7605516124954395
0.134613065710757    0.7580406753570184
0.134613065710757    0.7580406753570184
0.13835087971695487    0.7530537177768771
0.1408726580015512    0.7501046461735165
0.1413856478001205    0.7462801095530492
0.14278176566154369    0.7403906757082487
0.14278176566154369    0.7403906757082487
0.14454415883591806    0.7392871118096844
0.1458060059705319    0.7330669395777046
0.14653702176463196    0.7323942474866233
0.14653702176463196    0.7323942474866233
0.14957323145208645    0.7299442461499949
0.15272117063250343    0.7221637226155472
0.15272117063250343    0.7221637226155472
0.15370446544571578    0.7219477731479147
0.15498668593323905    0.7187226938664798
0.15743764596427667    0.7172431494398319
0.15918965278500855    0.7160425601025179
0.15996577400268738    0.7096983783956902
0.15996577400268738    0.7096983783956902
0.161364180883176    0.7080820488187607
0.16442859721719924    0.7067769678939898
0.1648833249719333    0.704213939254322
0.16762715554889707    0.6990119609899086
0.16762715554889707    0.6990119609899086
0.16814337714580138    0.6987870979941159
0.1724519591182817    0.6937089555923913
0.1724519591182817    0.6937089555923913
0.1746213380653407    0.6904929998898081
0.17608283986292037    0.6836107968067178
0.17608283986292037    0.6836107968067178
0.17608283986292037    0.6836107968067178
0.17608283986292037    0.6836107968067178
0.18081574377033213    0.6771570193583525
0.18081574377033213    0.6771570193583525
0.18289645548209943    0.6763891446006116
0.18481325550455244    0.6754043598994661
0.18710251437527015    0.6693024917835647
0.18710251437527015    0.6693024917835647
0.187288816430895    0.6674810027886386
0.18915667264498554    0.6654394615661479
0.18915667264498554    0.6654394615661479
0.19241632869242942    0.6592760130989067
0.19241632869242942    0.6592760130989067
0.19241632869242942    0.6592760130989067
0.19651944492723017    0.6528015837151797
0.19651944492723017    0.6528015837151797
0.19651944492723017    0.6528015837151797
0.19957194487271412    0.6489546018959929
0.2010004609564124    0.6476644751284755
0.20135406840406533    0.6465732392327422
0.20393082344278518    0.6447832455166164
0.20490738992529164    0.6426965402162113
0.2068493425819044    0.6382199447190812
0.2068493425819044    0.6382199447190812
0.20820771215333328    0.6376467699490825
0.20992452166057826    0.6346888710010609
0.21164821478555967    0.6316065735252354
0.21164821478555967    0.6316065735252354
0.2161947199116708    0.625623322435986
0.2161947199116708    0.625623322435986
0.2161947199116708    0.625623322435986
0.21748744502542827    0.6249107402496423
0.2194476551242129    0.6196820065500045
0.2194476551242129    0.6196820065500045
0.221499511628001    0.618591407138416
0.22184517143372778    0.6173884322081977
0.22479302980481206    0.6149677558855927
0.226580488696099    0.609992974613603
0.226580488696099    0.609992974613603
0.22738543497408104    0.605850067144917
0.22738543497408104    0.605850067144917
0.22738543497408104    0.605850067144917
0.23170020326861374    0.6002786460825701
0.23170020326861374    0.6002786460825701
0.23170020326861374    0.6002786460825701
0.23426507126320395    0.596156012838902
0.23426507126320395    0.596156012838902
0.23609226707416245    0.5922500286677177
0.23609226707416245    0.5922500286677177
0.23869762725843416    0.5898166899123312
0.23869762725843416    0.5898166899123312
0.24157240308199357    0.5851597986028274
0.24157240308199357    0.5851597986028274
0.2417210081459496    0.5821205948845325
0.24286441837783174    0.5784924393910527
0.24286441837783174    0.5784924393910527
0.24326898544558018    0.5782198367914057
0.24661631647937834    0.5758550392788212
0.24900695275525825    0.5687434285431882
0.24900695275525825    0.5687434285431882
0.24900695275525825    0.5687434285431882
0.24900695275525825    0.5687434285431882
0.24943714764653072    0.5684067094728378
0.25318112692333233    0.5659342411780617
0.25404180896363276    0.564059859124727
0.25411951734177834    0.5630514101519762
0.2572255433419821    0.5583128904519603
0.2572255433419821    0.5583128904519603
0.25693373743064674    0.5575281485835135
0.26132814504811    0.5554831026137689
0.25887822095748364    0.5548237869815069
0.26269904378091374    0.5488012036431329
0.26269904378091374    0.5488012036431329
0.26269904378091374    0.5488012036431329
0.26534867703625203    0.5479938031553251
0.2656623974015886    0.5465960075059826
0.2683488767105838    0.5417319412557333
0.2683488767105838    0.5417319412557333
0.2683488767105838    0.5417319412557333
0.2705275508174382    0.5368676304256152
0.2705275508174382    0.5368676304256152
0.2705275508174382    0.5368676304256152
0.27430433373828705    0.5326553653937418
0.27430433373828705    0.5326553653937418
0.27430433373828705    0.5326553653937418
0.2771694241046366    0.527245955904076
0.2771694241046366    0.527245955904076
0.2771694241046366    0.527245955904076
0.2795576039016109    0.5209474960768233
0.2795576039016109    0.5209474960768233
0.2795576039016109    0.5209474960768233
0.2795576039016109    0.5209474960768233
0.28340800992740056    0.5165472286948136
0.28340800992740056    0.5165472286948136
0.28340800992740056    0.5165472286948136
0.28527465172673616    0.5140185927467478
0.287225938642207    0.5125296719654621
0.28748867577133813    0.5115981307530522
0.28748867577133813    0.5115981307530522
0.29500528262044695    0.5088666812200962
0.29500528262044695    0.5088666812200962
0.2958245910505099    0.503713134975027
0.2958245910505099    0.503713134975027
0.2958245910505099    0.503713134975027
0.2967646388996784    0.5015430824443307
0.2996212293270801    0.4981669317371278
0.2996212293270801    0.4981669317371278
0.2996212293270801    0.4981669317371278
0.3030525258924252    0.4959255472784725
0.3074537253447232    0.4883596733203075
0.3074537253447232    0.4883596733203075
0.3074537253447232    0.4883596733203075
0.3074537253447232    0.4883596733203075
0.3074537253447232    0.4883596733203075
0.3078286528053254    0.4830338177755239
0.3078286528053254    0.4830338177755239
0.3078286528053254    0.4830338177755239
0.3078286528053254    0.4830338177755239
0.3117290450903228    0.481516275366989
0.3151520868413071    0.47533889798082796
0.3151520868413071    0.47533889798082796
0.3151520868413071    0.47533889798082796
0.3151520868413071    0.47533889798082796
0.31570355409694795    0.47375010282467084
0.31570355409694795    0.47375010282467084
0.3200251656913086    0.4716139341793841
0.3213349614865413    0.46828962217970665
0.3213349614865413    0.46828962217970665
0.3213349614865413    0.46828962217970665
0.32534013835092096    0.4670185600813011
0.32875194426449006    0.46441747575902714
0.3250697292043725    0.46386990408713286
0.33111915966568845    0.4583560478305305
0.33111915966568845    0.4583560478305305
0.33111915966568845    0.4583560478305305
0.33111915966568845    0.4583560478305305
0.33232436287791817    0.4570289338215807
0.3412553230872892    0.4534359615935842
0.3412553230872892    0.4534359615935842
0.34345520815118274    0.452454787178811
0.35771038134813826    0.4490424014066855
0.35771038134813826    0.4490424014066855
0.35771038134813826    0.4490424014066855
