0.0137019066133901    1.0528171600714027
0.020443905546781174    1.0389719188324793
0.02574540902192189    1.0139794435072949
0.02574540902192189    1.0139794435072949
0.03541643867472026    1.0127604640002825
0.03541643867472026    1.0127604640002825
0.047571729209620335    0.9555188776685799
0.047571729209620335    0.9555188776685799
0.047571729209620335    0.9555188776685799
0.06802871230450305    0.9195005034222609
0.07368787211130537    0.9035448621382222
0.07368787211130537    0.9035448621382222
0.07368787211130537    0.9035448621382222
0.07368787211130537    0.9035448621382222
0.09336650780488467    0.8682678430212657
0.10088486204397996    0.8561144179364515
0.10088486204397996    0.8561144179364515
0.11190430803878673    0.835100460577942
0.1125949463249489    0.8184917772740157
0.11298010838854758    0.8182610899498872
0.11298010838854758    0.8182610899498872
0.1255097680366408    0.8143191329951585
0.13153801088018818    0.7876312256937473
0.13508175504204115    0.7841636004368678
0.14076962518879038    0.7803033994123991
0.14619946152677638    0.7585955557047763
0.14790018292911927    0.7507124342785765
0.1484521329460958    0.7554586869361493
0.16267021003481508    0.7470863479567639
0.16267021003481508    0.7470863479567639
0.17087548682334922    0.7416418751131324
0.17419840044649493    0.710419348040035
0.17419840044649493    0.710419348040035
0.17759927077819856    0.7059252374064295
0.18518093679136813    0.7083397159947893
0.1913699404310314    0.6903661147809864
0.1913699404310314    0.6903661147809864
0.19732022451049652    0.6734615293815767
0.19732022451049652    0.6734615293815767
0.20294547991454548    0.6664277145955602
0.20533614978034648    0.6626988669893753
0.2097408229833901    0.66140004723752
0.2160799393539579    0.6604746158768893
0.22867357502692146    0.6389774350784608
0.22867357502692146    0.6389774350784608
0.22867357502692146    0.6389774350784608
0.23286238049956332    0.6364439717456449
0.24647560999719573    0.6359819229647139
0.25587715078334494    0.635768697195148
0.25587715078334494    0.635768697195148
0.2690645756495193    0.6331398234232117
0.2846532696525552    0.6312351840499315
0.2846532696525552    0.6312351840499315
0.2846532696525552    0.6312351840499315
0.2846532696525552    0.6312351840499315
0.2846532696525552    0.6312351840499315
0.2846532696525552    0.6312351840499315
0.2846532696525552    0.6312351840499315
0.364200847357118    0.5887449595583453
0.364200847357118    0.5887449595583453
0.364200847357118    0.5887449595583453
0.364200847357118    0.5887449595583453
0.36449599127386817    0.5318024131415144
0.36449599127386817    0.5318024131415144
0.36449599127386817    0.5318024131415144
0.36449599127386817    0.5318024131415144
0.36449599127386817    0.5318024131415144
0.36449599127386817    0.5318024131415144
0.36449599127386817    0.5318024131415144
0.3683118711092228    0.5195894660935552
0.3683118711092228    0.5195894660935552
0.3694390280729941    0.46829501115419814
0.3694390280729941    0.46829501115419814
0.3694390280729941    0.46829501115419814
0.3694390280729941    0.46829501115419814
0.3694390280729941    0.46829501115419814
0.3694390280729941    0.46829501115419814
0.3694390280729941    0.46829501115419814
0.3694390280729941    0.46829501115419814
0.3730481525154135    0.44804501462969304
0.3730481525154135    0.44804501462969304
0.3730481525154135    0.44804501462969304
0.3730481525154135    0.44804501462969304
0.37503809698558954    0.42571707108628126
0.37503809698558954    0.42571707108628126
0.37503809698558954    0.42571707108628126
0.37503809698558954    0.42571707108628126
0.37503809698558954    0.42571707108628126
0.3802957215503179    0.41546343006364084
0.3802957215503179    0.41546343006364084
0.38068848061734006    0.406336712472566
0.38068848061734006    0.406336712472566
0.3824791654531885    0.39919918613836564
0.3824791654531885    0.39919918613836564
0.3891920073646544    0.38617793556623053
0.3874043254529806    0.3870405356485906
0.3874043254529806    0.3870405356485906
0.39199067746857846    0.3815240638313289
0.4088795290088134    0.3802988145619768
0.409707554449633    0.3766438630664293
