0.0012787768096261332    1.0576738537139483
0.009362021668469432    0.9893578635442797
0.014901468550966813    0.9868174997626494
0.026080332802807322    0.9644968811337952
0.03490190815375645    0.9417813693732964
0.03490190815375645    0.9417813693732964
0.048901079483851924    0.9079474622914919
0.05411528836362389    0.8979252548842525
0.06727563710655572    0.8727976307055513
0.07504476176745062    0.8610159162897716
0.08360517753216432    0.8437324276620379
0.08360517753216432    0.840864405971103
0.09298103115319196    0.8265889743251594
0.10641958961710282    0.8027440778004349
0.11105383420673819    0.7953803969014386
0.11722938129911067    0.7811731203520178
0.1280672742143184    0.7682553388128283
0.1280672742143184    0.7645478092138678
0.13539587522548788    0.7594695556678946
0.14505226010815625    0.7332282645466747
0.1485515588970075    0.7316921292452746
0.1618257428527202    0.7222982771722316
0.16459153361790566    0.7072961691854953
0.17281818235530136    0.6982968731125451
0.17916418068907428    0.6839244957581032
0.18896038378360444    0.6655467057044068
0.18971441183386917    0.6598055184805299
0.1991503477873862    0.6436506533547813
0.2031848327528332    0.639582573452367
0.2114213217025185    0.6246569618359815
0.2181115464168537    0.6230544245959432
0.22465992050497527    0.6014404394158358
0.22465992050497527    0.6014404394158358
0.2343601022969941    0.5903113506043571
0.23874561136560582    0.5823838154831245
0.25110515675801254    0.5706986240547502
0.2521065035306942    0.5615751126322818
0.2577076430391459    0.5608709269436886
0.2650942291069861    0.5406531951464199
0.2712615365388523    0.5350880959019085
0.2769911042415486    0.5239413712475902
0.28444566292308077    0.5212622667735308
0.29657741299464657    0.5211363167456137
0.2978213542021072    0.4999359300056856
0.3047298573601192    0.49077030753198025
0.3088759260220446    0.4874287569363839
0.3088759260220446    0.48364753299185903
0.3244527433268963    0.4717754599503961
0.3258217346554081    0.46674846912220375
0.33002131280906893    0.45300069083852096
0.33859815959068923    0.44802894286956724
0.34159793100157726    0.43599169086282424
0.3463193672766015    0.42934108028187307
0.353011388111738    0.42560836879102526
0.36012938632664476    0.41779963289826283
0.36259522335513866    0.40950274524296615
0.36481903613211425    0.4057882135883118
0.3826311788535933    0.3851732432601327
0.3826311788535933    0.3851732432601327
0.3826311788535933    0.3851732432601327
0.39664563508761125    0.38002646005322577
0.40725641469993307    0.37576044428082134
0.41575222514983384    0.36270657065382633
0.4207929781588039    0.3442778074027066
0.4207929781588039    0.3442778074027066
0.4256308833979032    0.3365387538896998
0.4294808686680496    0.33171247282490646
0.43298126796083    0.32329958894647326
0.439259013526016    0.31571962782044843
0.4460819626913258    0.3143187982612234
0.4526969855310828    0.30683508679157523
0.4586800805683919    0.2940741616684085
0.4586800805683919    0.2940741616684085
0.47234419961316404    0.28257230946334194
0.4730937373943491    0.28257230946334194
0.4921329138151836    0.26345433300306087
0.4921329138151836    0.26345433300306087
0.4921329138151836    0.26135969515580193
0.49574650839569523    0.25475602941255876
0.49798673712829916    0.25262961417793306
0.49798673712829916    0.25262961417793306
0.5707847665624044    0.25262961417793306
0.5707847665624044    0.25262961417793306
0.5707847665624044    0.25262961417793306
0.5707847665624044    0.25262961417793306
0.7491988495669538    0.2523225777659575
0.7491988495669538    0.2523225777659575
0.7491988495669538    0.2523225777659575
0.7491988495669538    0.2523225777659575
0.7491988495669538    0.2523225777659575
0.7491988495669538    0.2523225777659575
0.7491988495669538    0.2523225777659575
0.7491988495669538    0.2523225777659575
0.7491988495669538    0.2523225777659575
0.7491988495669538    0.2523225777659575
0.7491988495669538    0.2523225777659575
0.7491988495669538    0.2523225777659575
0.7491988495669538    0.2523225777659575
0.7491988495669538    0.2523225777659575
0.7491988495669538    0.2523225777659575
