0.007019143539479281    1.0105758462224042
0.007019143539479281    1.0105758462224042
0.007019143539479281    1.0105758462224042
0.012418094928305973    1.0021880010236344
0.012418094928305973    1.0021880010236344
0.015466387298732325    0.9947949656879324
0.020214352431986972    0.9916346202969213
0.02161347047706763    0.9793834220580971
0.02392468556313078    0.9777912067903907
0.024696434590356538    0.974654981572881
0.02750197104131159    0.9629295196302364
0.028404371600576583    0.9591311555298613
0.0318345661758975    0.960335562497004
0.034104071474947956    0.9500264017742113
0.035198962146149856    0.9452832218376798
0.035198962146149856    0.9452832218376798
0.03972713833170296    0.9411861975971846
0.04076344565817385    0.9373614332085984
0.04076344565817385    0.9373614332085984
0.04419734732512518    0.929556809962756
0.047455071364656265    0.9263261674362282
0.048828147745233294    0.9158133381844858
0.048828147745233294    0.9158133381844858
0.051719153362957    0.9118023111654682
0.052411373873105405    0.9101091718893958
0.05629399008185189    0.9018422706774771
0.052411373873105405    0.9101091718893958
0.058964345925387275    0.8972516457165715
0.05971715469336536    0.8926941318917437
0.06066539502359389    0.8919072284868312
0.06361024231553375    0.8860623954599349
0.0655345197770927    0.8847836895302336
0.06697803499290042    0.8818976127443071
0.06697803499290042    0.8818976127443071
0.07087224208220473    0.8760735266662767
0.07242339746153931    0.8708719777474369
0.0737122660046654    0.8708719202215759
0.0737122660046654    0.8708719202215759
0.07744140722714332    0.8590942775630273
0.07744140722714332    0.8590942775630273
0.07925618966408338    0.8561849393744454
0.08193422187910421    0.8483504350405066
0.08193422187910421    0.8483504350405066
0.08300807468969487    0.8458785344646756
0.08300807468969487    0.8458785344646756
0.08743758354986399    0.8434407201504283
0.08797610072646012    0.8404639257728816
0.08797610072646012    0.8404639257728816
0.09209284161284786    0.8331859303295787
0.092461672771841    0.8304777560129809
0.092461672771841    0.8304777560129809
0.09730596942360926    0.8195984158147055
0.09834085948204295    0.8242769775037679
0.0992569755212239    0.822409137830331
0.10077016470541351    0.8202754379402832
0.10291950731579991    0.816681883499298
0.10428703240917593    0.8119412454379193
0.10428703240917593    0.8119412454379193
0.10628752371568338    0.8078091543456822
0.10832328526318746    0.8021984516507963
0.10912061431005143    0.8025644590506241
0.10912061431005143    0.8025644590506241
0.11338797540401349    0.7947186493801308
0.11395867323422736    0.7940981291065328
0.11464587366041558    0.7929720550135537
0.11619974876337409    0.791287464659786
0.11657577739980339    0.7875404847290136
0.11657577739980339    0.7875404847290136
0.120170319610046    0.7845003844230027
0.12142539949125848    0.7828072220734227
0.12142539949125848    0.7828072220734227
0.12427666560930391    0.7768934982490018
0.12660935898297507    0.7741921363345508
0.12682016106176422    0.7716765940901587
0.12682016106176422    0.7716765940901587
0.12682016106176422    0.7716765940901587
0.13175742020423828    0.7658301128607924
0.13396932373291245    0.761289354399421
0.1349749036517334    0.7582504006123512
0.13510687652428932    0.7578720112195003
0.13520213973766912    0.759163844426203
0.137906148124664    0.7567382869103785
0.13864694285050033    0.7540924612354111
0.14037280242881497    0.7517937319379565
0.14109807882725517    0.7497471248534339
0.14109807882725517    0.7497471248534339
0.14437605946472984    0.74649430616237
0.14486942031012268    0.7395583027240735
0.14486942031012268    0.7395583027240735
0.1455476782572967    0.7372511325070147
0.1455476782572967    0.7372511325070147
0.1495676320406427    0.7308959546034789
0.1495676320406427    0.7308959546034789
0.1508430686821035    0.7289300388110321
0.15152521008526795    0.7288283891309685
0.15307523670659812    0.7246354583942635
0.15307523670659812    0.7246354583942635
0.1556858260286579    0.7199385842201266
0.1556858260286579    0.7199385842201266
0.15810216266579757    0.7194298007966081
0.15865644417947905    0.7154666435256071
0.15973287768468386    0.7145564247063465
0.1619782513057056    0.7076862828756667
0.1619782513057056    0.7076862828756667
0.16224542178985885    0.7081272117436223
0.16419122146773796    0.706478557135506
0.16514821709840866    0.7028671856043922
0.16560979661733788    0.701175699044868
0.16582081900440043    0.7008300368432031
0.16790655508863184    0.6967043656237003
0.16790655508863184    0.6967043656237003
0.1682574787614965    0.696506748152447
0.17141976424916475    0.6922178058117373
0.17158116950512636    0.6922617788949702
0.1739257558658969    0.6867011202421237
0.1739257558658969    0.6867011202421237
0.17627687723604654    0.6853458920341448
0.17627687723604654    0.6853458920341448
0.1775198731305875    0.6790842200563326
0.1775198731305875    0.6790842200563326
0.1775198731305875    0.6790842200563326
0.17839032132665666    0.6788234754791804
0.18212437020939398    0.6771847935038059
0.18323856552821782    0.6729344964400698
0.18338150752825672    0.6721341589397555
0.1850297138898897    0.670673119390919
0.18600960314981077    0.667546178750276
0.18600960314981077    0.667546178750276
0.186197811457217    0.6669875922497687
0.1882678425443074    0.6642498545806864
0.18831938287538807    0.6638189929694247
0.19072938942982684    0.6594248632777094
0.19072938942982684    0.6594248632777094
0.19072938942982684    0.6594248632777094
0.19429368199727906    0.6534603558389173
0.19429368199727906    0.6534603558389173
0.195090615046106    0.6536708830208323
0.1979369505760413    0.6457377052810722
0.1979369505760413    0.6457377052810722
0.1979369505760413    0.6457377052810722
0.1979369505760413    0.6457377052810722
0.19899201559983729    0.6441239490709328
0.20143781660382112    0.643542497056492
0.2021611009262584    0.638571457058281
0.2021611009262584    0.638571457058281
0.2021611009262584    0.638571457058281
0.20471845130515895    0.6350476190484623
0.20471845130515895    0.6350476190484623
0.20477508431632568    0.6341526812178045
0.20685871923077967    0.6318331669291668
0.20685871923077967    0.6318331669291668
0.20839748142614853    0.628632070453169
0.20973729201032346    0.6271375340398644
0.20974622561799605    0.6266784068056944
0.21137163361883424    0.6249087932512386
0.21137163361883424    0.6249087932512386
0.21391996916584896    0.6206301279028688
0.21391996916584896    0.6206301279028688
0.2153869049836129    0.6183732649750441
0.2153869049836129    0.6183732649750441
0.21745868220777512    0.617201806899853
0.21807870289465595    0.6152725191128823
0.21825246443548837    0.6133700796527737
0.21825246443548837    0.6133700796527737
0.22240508382435006    0.6085755795474153
0.22240508382435006    0.6090214007823946
0.22240508382435006    0.6085755795474153
0.2224062538899161    0.6080815842421361
0.22516411116987492    0.6053950947129201
0.22601654058178666    0.6049678949770041
0.22604755929487566    0.6032091760628148
0.22694607930664393    0.6023412227365411
0.22980870562618902    0.5976940271966591
0.22980870562618902    0.5976940271966591
0.22980870562618902    0.5976940271966591
0.23256564133870045    0.5927561173527686
0.23256564133870045    0.5927561173527686
0.23256564133870045    0.5927561173527686
0.23256564133870045    0.5927561173527686
0.2331356591462353    0.5911838038682312
0.23438928759704863    0.5899887644171072
0.2361684019192931    0.589153923903248
0.2362437688009018    0.5875375283327084
0.23824791810888796    0.5832003260641045
0.23824791810888796    0.5832003260641045
0.23824791810888796    0.5832003260641045
0.2410848293896512    0.5822743785748071
0.24113459240942703    0.5817754989900449
0.2450796215065214    0.5768310121032506
0.2450796215065214    0.5768310121032506
0.2450796215065214    0.5768310121032506
0.2450796215065214    0.5768310121032506
0.2514613219873884    0.575432981503832
0.25169125230331774    0.5721400710233427
0.25169125230331774    0.5721400710233427
0.2563532659573913    0.5719573387248119
0.2589949894432251    0.569525770028839
0.27255162969750135    0.5679727883825741
0.27255162969750135    0.5679727883825741
0.3229344954508717    0.5667347143465631
